[1008, 93.36520128168752, 82.7778178060556] - Blurring
[472, 84.84373490051136, 79.38622974596899]


25.87624 - 151
38.1007 - 150
32.59125 - 150
34.17688 - 150
43.97225 - 60
20.0965 - 40
34.05718 - 100
40.8573 - 100
16.8977 - 30 

= 33.3815%


Time Data	HED			SPEED			Size

1.)	 	1.2510403 		0.1888579		145,666
2.)		4.1390487		0.1925515		529,177
3.)		6.0687487		0.1935823		861,462
4.)		7.8344274		0.1969279		1,071,799
5.)		10.7161304		0.2042058		1,511,193
6.)		14.4123142		0.2112256		2,208,316
7.)		17.5813502		0.2166236		2,854,336
8.)		22.486492		0.2500584		3,444,336
9.)		30.9318405		0.3208138		5,289,074
		


Secondary blurring happening all the time: 75.00806%
Cond blur all the time: 81.35431%