59.18161942851923, 55.74691584805336, 60.63210963440865, 61.645736071903606, 58.71777299786831


[61.149337579454155, 58.143141181272675, 62.295993667245796, 64.1448261455492, 60.405341143668245]

[65.7463898859679, 64.10632926114624, 66.548381841536, 69.16276322024528, 64.64092104541707]
upto 1300

65.51868726804926, 63.62208367891516, 66.548381841536, 66.9034318657181, 60.674203810007384
645 - new pipeline

284
[66.71427192067317, 63.90887936285723, 68.72878598740793, 71.88891946994319, 60.31360352264545]


66.71427192067317, 66.11583491892696, 66.86782906003678, 67.34958140280467, 68.23110167400299
284
65.51868726804926, 64.4922346780063, 65.7463898859679, 66.10406043884294, 66.30770142346475
646


[66.30770142346475, 64.58814328705792, 66.33652024279613, 70.12817021263612, 65.45479401466763]
646


[68.23110167400299, 65.46475314326786, 68.45453284099713, 76.53846233792926, 66.91706492932994]
284


[81.91075728297055, 81.59852663883603, 81.96384541902357, 70.12817021263612, 81.50161159131112]
646

[87.0482092935694, 86.79911254882371, 87.19850720455108, 76.53846233792926, 86.62518845999084


[71.09004442441609, 86.74757223576486, 66.84491384259742, 86.62408456870493, 87.0482092935694]
284

[70.64956909544512, 80.06964338365121, 67.47253389570933, 80.18187906989095, 81.91075728297055]
646